-8.950000000000000000e+01 nan
-8.850000000000000000e+01 nan
-8.750000000000000000e+01 nan
-8.650000000000000000e+01 nan
-8.550000000000000000e+01 nan
-8.450000000000000000e+01 nan
-8.350000000000000000e+01 nan
-8.250000000000000000e+01 nan
-8.150000000000000000e+01 nan
-8.050000000000000000e+01 nan
-7.950000000000000000e+01 nan
-7.850000000000000000e+01 nan
-7.750000000000000000e+01 nan
-7.650000000000000000e+01 nan
-7.550000000000000000e+01 nan
-7.450000000000000000e+01 nan
-7.350000000000000000e+01 nan
-7.250000000000000000e+01 nan
-7.150000000000000000e+01 nan
-7.050000000000000000e+01 -1.973427772521972656e+00
-6.950000000000000000e+01 -1.970343112945556641e+00
-6.850000000000000000e+01 -1.964794635772705078e+00
-6.750000000000000000e+01 -1.959012627601623535e+00
-6.650000000000000000e+01 -1.939048886299133301e+00
-6.550000000000000000e+01 -1.817427039146423340e+00
-6.450000000000000000e+01 -1.596083402633666992e+00
-6.350000000000000000e+01 -1.406341671943664551e+00
-6.250000000000000000e+01 -1.277049899101257324e+00
-6.150000000000000000e+01 -1.217687726020812988e+00
-6.050000000000000000e+01 -1.198917746543884277e+00
-5.950000000000000000e+01 -1.186382174491882324e+00
-5.850000000000000000e+01 -1.167479395866394043e+00
-5.750000000000000000e+01 -1.135342001914978027e+00
-5.650000000000000000e+01 -1.067951083183288574e+00
-5.550000000000000000e+01 -9.654056429862976074e-01
-5.450000000000000000e+01 -8.410909771919250488e-01
-5.350000000000000000e+01 -6.898298859596252441e-01
-5.250000000000000000e+01 -5.278280973434448242e-01
-5.150000000000000000e+01 -3.527678251266479492e-01
-5.050000000000000000e+01 -1.028426587581634521e-01
-4.950000000000000000e+01 1.535356789827346802e-01
-4.850000000000000000e+01 5.826080441474914551e-01
-4.750000000000000000e+01 1.051568388938903809e+00
-4.650000000000000000e+01 1.778136730194091797e+00
-4.550000000000000000e+01 2.480686426162719727e+00
-4.450000000000000000e+01 3.488484859466552734e+00
-4.350000000000000000e+01 4.653880119323730469e+00
-4.250000000000000000e+01 6.503226280212402344e+00
-4.150000000000000000e+01 8.803165435791015625e+00
-4.050000000000000000e+01 1.090190315246582031e+01
-3.950000000000000000e+01 1.281929302215576172e+01
-3.850000000000000000e+01 1.417537498474121094e+01
-3.750000000000000000e+01 1.490950584411621094e+01
-3.650000000000000000e+01 1.560720539093017578e+01
-3.550000000000000000e+01 1.584762573242187500e+01
-3.450000000000000000e+01 1.606014633178710938e+01
-3.350000000000000000e+01 1.614441871643066406e+01
-3.250000000000000000e+01 1.663410758972167969e+01
-3.150000000000000000e+01 1.672942924499511719e+01
-3.050000000000000000e+01 1.755333328247070312e+01
-2.950000000000000000e+01 1.825930023193359375e+01
-2.850000000000000000e+01 1.866533279418945312e+01
-2.750000000000000000e+01 1.925910758972167969e+01
-2.650000000000000000e+01 2.005538940429687500e+01
-2.550000000000000000e+01 2.064461517333984375e+01
-2.450000000000000000e+01 2.121550369262695312e+01
-2.350000000000000000e+01 2.160998916625976562e+01
-2.250000000000000000e+01 2.236707305908203125e+01
-2.150000000000000000e+01 2.280880165100097656e+01
-2.050000000000000000e+01 2.319981956481933594e+01
