-2.000000000000000000e+01 0.000000000000000000e+00
-2.100000000000000000e+01 0.000000000000000000e+00
-2.200000000000000000e+01 0.000000000000000000e+00
-2.300000000000000000e+01 0.000000000000000000e+00
-2.400000000000000000e+01 0.000000000000000000e+00
-2.500000000000000000e+01 0.000000000000000000e+00
-2.600000000000000000e+01 0.000000000000000000e+00
-2.700000000000000000e+01 0.000000000000000000e+00
-2.800000000000000000e+01 0.000000000000000000e+00
-2.900000000000000000e+01 0.000000000000000000e+00
-3.000000000000000000e+01 0.000000000000000000e+00
-3.100000000000000000e+01 0.000000000000000000e+00
-3.200000000000000000e+01 0.000000000000000000e+00
-3.300000000000000000e+01 0.000000000000000000e+00
-3.400000000000000000e+01 0.000000000000000000e+00
-3.500000000000000000e+01 0.000000000000000000e+00
-3.600000000000000000e+01 0.000000000000000000e+00
-3.700000000000000000e+01 0.000000000000000000e+00
-3.800000000000000000e+01 0.000000000000000000e+00
-3.900000000000000000e+01 4.366923138633498763e-02
-4.000000000000000000e+01 3.782143488273834731e-01
-4.100000000000000000e+01 9.704305828344343965e-01
-4.200000000000000000e+01 1.855144212732010356e+00
-4.300000000000000000e+01 2.065812276202745768e+00
-4.400000000000000000e+01 2.940824870228115451e+00
-4.500000000000000000e+01 2.577564563481121063e+00
-4.600000000000000000e+01 1.927960842729412150e+00
-4.700000000000000000e+01 2.125142315886656696e+00
-4.800000000000000000e+01 2.412392693846423519e+00
-4.900000000000000000e+01 2.742622277466631786e+00
-5.000000000000000000e+01 1.447755098967142828e-01
-5.100000000000000000e+01 0.000000000000000000e+00
-5.200000000000000000e+01 0.000000000000000000e+00
-5.300000000000000000e+01 0.000000000000000000e+00
-5.400000000000000000e+01 0.000000000000000000e+00
-5.500000000000000000e+01 0.000000000000000000e+00
-5.600000000000000000e+01 0.000000000000000000e+00
-5.700000000000000000e+01 0.000000000000000000e+00
-5.800000000000000000e+01 0.000000000000000000e+00
-5.900000000000000000e+01 0.000000000000000000e+00
-6.000000000000000000e+01 0.000000000000000000e+00
-6.100000000000000000e+01 0.000000000000000000e+00
-6.200000000000000000e+01 0.000000000000000000e+00
-6.300000000000000000e+01 0.000000000000000000e+00
-6.400000000000000000e+01 0.000000000000000000e+00
-6.500000000000000000e+01 0.000000000000000000e+00
-6.600000000000000000e+01 0.000000000000000000e+00
-6.700000000000000000e+01 0.000000000000000000e+00
-6.800000000000000000e+01 0.000000000000000000e+00
-6.900000000000000000e+01 0.000000000000000000e+00
-7.000000000000000000e+01 0.000000000000000000e+00
-7.100000000000000000e+01 0.000000000000000000e+00
-7.200000000000000000e+01 0.000000000000000000e+00
-7.300000000000000000e+01 0.000000000000000000e+00
-7.400000000000000000e+01 0.000000000000000000e+00
-7.500000000000000000e+01 0.000000000000000000e+00
-7.600000000000000000e+01 0.000000000000000000e+00
-7.700000000000000000e+01 0.000000000000000000e+00
-7.800000000000000000e+01 0.000000000000000000e+00
-7.900000000000000000e+01 0.000000000000000000e+00
-8.000000000000000000e+01 0.000000000000000000e+00
