-2.000000000000000000e+01 0.000000000000000000e+00
-2.100000000000000000e+01 0.000000000000000000e+00
-2.200000000000000000e+01 0.000000000000000000e+00
-2.300000000000000000e+01 0.000000000000000000e+00
-2.400000000000000000e+01 0.000000000000000000e+00
-2.500000000000000000e+01 0.000000000000000000e+00
-2.600000000000000000e+01 0.000000000000000000e+00
-2.700000000000000000e+01 0.000000000000000000e+00
-2.800000000000000000e+01 0.000000000000000000e+00
-2.900000000000000000e+01 0.000000000000000000e+00
-3.000000000000000000e+01 0.000000000000000000e+00
-3.100000000000000000e+01 0.000000000000000000e+00
-3.200000000000000000e+01 0.000000000000000000e+00
-3.300000000000000000e+01 0.000000000000000000e+00
-3.400000000000000000e+01 0.000000000000000000e+00
-3.500000000000000000e+01 0.000000000000000000e+00
-3.600000000000000000e+01 0.000000000000000000e+00
-3.700000000000000000e+01 0.000000000000000000e+00
-3.800000000000000000e+01 1.618034526348577319e-04
-3.900000000000000000e+01 3.318564523000182287e-02
-4.000000000000000000e+01 9.798800192369640227e-02
-4.100000000000000000e+01 4.888266653970308462e-01
-4.200000000000000000e+01 1.521584293688944989e+00
-4.300000000000000000e+01 2.143721176196084599e+00
-4.400000000000000000e+01 1.793200214828493344e+00
-4.500000000000000000e+01 1.870351189382509771e+00
-4.600000000000000000e+01 2.431250913242175571e+00
-4.700000000000000000e+01 2.516373348896206785e+00
-4.800000000000000000e+01 3.649518098224404206e+00
-4.900000000000000000e+01 2.358370936863192657e+00
-5.000000000000000000e+01 8.255710838610559321e-01
-5.100000000000000000e+01 0.000000000000000000e+00
-5.200000000000000000e+01 0.000000000000000000e+00
-5.300000000000000000e+01 0.000000000000000000e+00
-5.400000000000000000e+01 0.000000000000000000e+00
-5.500000000000000000e+01 0.000000000000000000e+00
-5.600000000000000000e+01 0.000000000000000000e+00
-5.700000000000000000e+01 0.000000000000000000e+00
-5.800000000000000000e+01 0.000000000000000000e+00
-5.900000000000000000e+01 0.000000000000000000e+00
-6.000000000000000000e+01 0.000000000000000000e+00
-6.100000000000000000e+01 0.000000000000000000e+00
-6.200000000000000000e+01 0.000000000000000000e+00
-6.300000000000000000e+01 0.000000000000000000e+00
-6.400000000000000000e+01 0.000000000000000000e+00
-6.500000000000000000e+01 0.000000000000000000e+00
-6.600000000000000000e+01 0.000000000000000000e+00
-6.700000000000000000e+01 0.000000000000000000e+00
-6.800000000000000000e+01 0.000000000000000000e+00
-6.900000000000000000e+01 0.000000000000000000e+00
-7.000000000000000000e+01 0.000000000000000000e+00
-7.100000000000000000e+01 0.000000000000000000e+00
-7.200000000000000000e+01 0.000000000000000000e+00
-7.300000000000000000e+01 0.000000000000000000e+00
-7.400000000000000000e+01 0.000000000000000000e+00
-7.500000000000000000e+01 0.000000000000000000e+00
-7.600000000000000000e+01 0.000000000000000000e+00
-7.700000000000000000e+01 0.000000000000000000e+00
-7.800000000000000000e+01 0.000000000000000000e+00
-7.900000000000000000e+01 0.000000000000000000e+00
-8.000000000000000000e+01 0.000000000000000000e+00
