-8.950000000000000000e+01 nan
-8.850000000000000000e+01 nan
-8.750000000000000000e+01 nan
-8.650000000000000000e+01 nan
-8.550000000000000000e+01 nan
-8.450000000000000000e+01 nan
-8.350000000000000000e+01 nan
-8.250000000000000000e+01 nan
-8.150000000000000000e+01 nan
-8.050000000000000000e+01 nan
-7.950000000000000000e+01 nan
-7.850000000000000000e+01 nan
-7.750000000000000000e+01 nan
-7.650000000000000000e+01 nan
-7.550000000000000000e+01 nan
-7.450000000000000000e+01 nan
-7.350000000000000000e+01 nan
-7.250000000000000000e+01 nan
-7.150000000000000000e+01 nan
-7.050000000000000000e+01 -1.971064686775207520e+00
-6.950000000000000000e+01 -1.970161676406860352e+00
-6.850000000000000000e+01 -1.968125820159912109e+00
-6.750000000000000000e+01 -1.965252041816711426e+00
-6.650000000000000000e+01 -1.961049795150756836e+00
-6.550000000000000000e+01 -1.944359183311462402e+00
-6.450000000000000000e+01 -1.892808556556701660e+00
-6.350000000000000000e+01 -1.830415248870849609e+00
-6.250000000000000000e+01 -1.750573158264160156e+00
-6.150000000000000000e+01 -1.663128256797790527e+00
-6.050000000000000000e+01 -1.609556674957275391e+00
-5.950000000000000000e+01 -1.577580571174621582e+00
-5.850000000000000000e+01 -1.554674029350280762e+00
-5.750000000000000000e+01 -1.528312206268310547e+00
-5.650000000000000000e+01 -1.475971817970275879e+00
-5.550000000000000000e+01 -1.397922158241271973e+00
-5.450000000000000000e+01 -1.302071571350097656e+00
-5.350000000000000000e+01 -1.188855648040771484e+00
-5.250000000000000000e+01 -1.073242664337158203e+00
-5.150000000000000000e+01 -9.488753676414489746e-01
-5.050000000000000000e+01 -7.725520133972167969e-01
-4.950000000000000000e+01 -5.797603726387023926e-01
-4.850000000000000000e+01 -2.588255703449249268e-01
-4.750000000000000000e+01 1.063185781240463257e-01
-4.650000000000000000e+01 6.911411881446838379e-01
-4.550000000000000000e+01 1.320449829101562500e+00
-4.450000000000000000e+01 2.280400276184082031e+00
-4.350000000000000000e+01 3.489852905273437500e+00
-4.250000000000000000e+01 5.350671768188476562e+00
-4.150000000000000000e+01 7.672228813171386719e+00
-4.050000000000000000e+01 9.841264724731445312e+00
-3.950000000000000000e+01 1.178949737548828125e+01
-3.850000000000000000e+01 1.314743900299072266e+01
-3.750000000000000000e+01 1.382418441772460938e+01
-3.650000000000000000e+01 1.452053070068359375e+01
-3.550000000000000000e+01 1.479061889648437500e+01
-3.450000000000000000e+01 1.502357292175292969e+01
-3.350000000000000000e+01 1.525559806823730469e+01
-3.250000000000000000e+01 1.590087795257568359e+01
-3.150000000000000000e+01 1.613066291809082031e+01
-3.050000000000000000e+01 1.704090499877929688e+01
-2.950000000000000000e+01 1.772808265686035156e+01
-2.850000000000000000e+01 1.814270782470703125e+01
-2.750000000000000000e+01 1.871962547302246094e+01
-2.650000000000000000e+01 1.923774528503417969e+01
-2.550000000000000000e+01 1.972875404357910156e+01
-2.450000000000000000e+01 2.020453643798828125e+01
-2.350000000000000000e+01 2.058144760131835938e+01
-2.250000000000000000e+01 2.132673645019531250e+01
-2.150000000000000000e+01 2.168503952026367188e+01
-2.050000000000000000e+01 2.213184165954589844e+01
