-8.950000000000000000e+01 nan
-8.850000000000000000e+01 nan
-8.750000000000000000e+01 nan
-8.650000000000000000e+01 nan
-8.550000000000000000e+01 nan
-8.450000000000000000e+01 nan
-8.350000000000000000e+01 nan
-8.250000000000000000e+01 nan
-8.150000000000000000e+01 nan
-8.050000000000000000e+01 nan
-7.950000000000000000e+01 nan
-7.850000000000000000e+01 nan
-7.750000000000000000e+01 nan
-7.650000000000000000e+01 nan
-7.550000000000000000e+01 nan
-7.450000000000000000e+01 nan
-7.350000000000000000e+01 nan
-7.250000000000000000e+01 nan
-7.150000000000000000e+01 -1.886657357215881348e+00
-7.050000000000000000e+01 -1.877940773963928223e+00
-6.950000000000000000e+01 -1.866964459419250488e+00
-6.850000000000000000e+01 -1.679786801338195801e+00
-6.750000000000000000e+01 -1.217092990875244141e+00
-6.650000000000000000e+01 -7.639833092689514160e-01
-6.550000000000000000e+01 -4.398810565471649170e-01
-6.450000000000000000e+01 -2.503702640533447266e-01
-6.350000000000000000e+01 -2.506881058216094971e-01
-6.250000000000000000e+01 -2.107720822095870972e-01
-6.150000000000000000e+01 -1.634109318256378174e-01
-6.050000000000000000e+01 -1.224090680480003357e-01
-5.950000000000000000e+01 -6.037589162588119507e-02
-5.850000000000000000e+01 3.220796212553977966e-02
-5.750000000000000000e+01 1.758834719657897949e-01
-5.650000000000000000e+01 4.005410075187683105e-01
-5.550000000000000000e+01 6.635859608650207520e-01
-5.450000000000000000e+01 9.695979952812194824e-01
-5.350000000000000000e+01 1.318990588188171387e+00
-5.250000000000000000e+01 1.663205742835998535e+00
-5.150000000000000000e+01 2.048551082611083984e+00
-5.050000000000000000e+01 2.536181688308715820e+00
-4.950000000000000000e+01 3.021949052810668945e+00
-4.850000000000000000e+01 3.652249336242675781e+00
-4.750000000000000000e+01 4.310570240020751953e+00
-4.650000000000000000e+01 5.219203948974609375e+00
-4.550000000000000000e+01 6.101555824279785156e+00
-4.450000000000000000e+01 7.247140884399414062e+00
-4.350000000000000000e+01 8.337772369384765625e+00
-4.250000000000000000e+01 9.852746963500976562e+00
-4.150000000000000000e+01 1.175316429138183594e+01
-4.050000000000000000e+01 1.360176849365234375e+01
-3.950000000000000000e+01 1.533791828155517578e+01
-3.850000000000000000e+01 1.663765335083007812e+01
-3.750000000000000000e+01 1.745594406127929688e+01
-3.650000000000000000e+01 1.813997268676757812e+01
-3.550000000000000000e+01 1.843129730224609375e+01
-3.450000000000000000e+01 1.863155746459960938e+01
-3.350000000000000000e+01 1.900935745239257812e+01
-3.250000000000000000e+01 1.956306266784667969e+01
-3.150000000000000000e+01 1.969182014465332031e+01
-3.050000000000000000e+01 2.055287933349609375e+01
-2.950000000000000000e+01 2.118420410156250000e+01
-2.850000000000000000e+01 2.161915397644042969e+01
-2.750000000000000000e+01 2.220034980773925781e+01
-2.650000000000000000e+01 2.269177627563476562e+01
-2.550000000000000000e+01 2.322983741760253906e+01
-2.450000000000000000e+01 2.365790367126464844e+01
-2.350000000000000000e+01 2.398484611511230469e+01
-2.250000000000000000e+01 2.455590057373046875e+01
-2.150000000000000000e+01 2.489790153503417969e+01
-2.050000000000000000e+01 2.532120513916015625e+01
