-2.000000000000000000e+01 0.000000000000000000e+00
-2.100000000000000000e+01 0.000000000000000000e+00
-2.200000000000000000e+01 0.000000000000000000e+00
-2.300000000000000000e+01 0.000000000000000000e+00
-2.400000000000000000e+01 0.000000000000000000e+00
-2.500000000000000000e+01 0.000000000000000000e+00
-2.600000000000000000e+01 0.000000000000000000e+00
-2.700000000000000000e+01 0.000000000000000000e+00
-2.800000000000000000e+01 0.000000000000000000e+00
-2.900000000000000000e+01 0.000000000000000000e+00
-3.000000000000000000e+01 0.000000000000000000e+00
-3.100000000000000000e+01 0.000000000000000000e+00
-3.200000000000000000e+01 0.000000000000000000e+00
-3.300000000000000000e+01 0.000000000000000000e+00
-3.400000000000000000e+01 0.000000000000000000e+00
-3.500000000000000000e+01 0.000000000000000000e+00
-3.600000000000000000e+01 0.000000000000000000e+00
-3.700000000000000000e+01 0.000000000000000000e+00
-3.800000000000000000e+01 0.000000000000000000e+00
-3.900000000000000000e+01 0.000000000000000000e+00
-4.000000000000000000e+01 3.666853457716631737e-02
-4.100000000000000000e+01 1.954288326621057142e-02
-4.200000000000000000e+01 1.762533473669397610e-01
-4.300000000000000000e+01 1.684836179614810359e-01
-4.400000000000000000e+01 2.457890922480714946e-01
-4.500000000000000000e+01 2.896008835326108755e-01
-4.600000000000000000e+01 4.554972197988791938e-01
-4.700000000000000000e+01 5.150313101929920867e-01
-4.800000000000000000e+01 7.371340143372279163e-01
-4.900000000000000000e+01 8.436252286714569504e-01
-5.000000000000000000e+01 9.638704281245291661e-01
-5.100000000000000000e+01 1.232704082045695149e+00
-5.200000000000000000e+01 2.018109358093998384e+00
-5.300000000000000000e+01 1.508721043022282160e+00
-5.400000000000000000e+01 1.563804670074706138e+00
-5.500000000000000000e+01 4.782422340196704758e-01
-5.600000000000000000e+01 0.000000000000000000e+00
-5.700000000000000000e+01 0.000000000000000000e+00
-5.800000000000000000e+01 0.000000000000000000e+00
-5.900000000000000000e+01 0.000000000000000000e+00
-6.000000000000000000e+01 0.000000000000000000e+00
-6.100000000000000000e+01 0.000000000000000000e+00
-6.200000000000000000e+01 0.000000000000000000e+00
-6.300000000000000000e+01 0.000000000000000000e+00
-6.400000000000000000e+01 0.000000000000000000e+00
-6.500000000000000000e+01 0.000000000000000000e+00
-6.600000000000000000e+01 0.000000000000000000e+00
-6.700000000000000000e+01 0.000000000000000000e+00
-6.800000000000000000e+01 0.000000000000000000e+00
-6.900000000000000000e+01 0.000000000000000000e+00
-7.000000000000000000e+01 0.000000000000000000e+00
-7.100000000000000000e+01 0.000000000000000000e+00
-7.200000000000000000e+01 0.000000000000000000e+00
-7.300000000000000000e+01 0.000000000000000000e+00
-7.400000000000000000e+01 0.000000000000000000e+00
-7.500000000000000000e+01 0.000000000000000000e+00
-7.600000000000000000e+01 0.000000000000000000e+00
-7.700000000000000000e+01 0.000000000000000000e+00
-7.800000000000000000e+01 0.000000000000000000e+00
-7.900000000000000000e+01 0.000000000000000000e+00
-8.000000000000000000e+01 0.000000000000000000e+00
